CHROM	POS	SV_type	Taille	Lectures_totaux	SLectures_supportes	Fréquence_allélique
DQ657948.1	1210	INS	12	681	11	0.016
DQ657948.1	11375	INS	31	819	1215	1.000
DQ657948.1	14453	INS	25	747	117	0.157
DQ657948.1	16099	DEL	-20	0	85	0.077
DQ657948.1	20845	DEL	-10	680	40	0.061
DQ657948.1	22398	INS	12	79	19	0.044
DQ657948.1	22620	INS	56	429	292	0.681
DQ657948.1	22620	INS	64	429	54	0.126
DQ657948.1	22623	INS	36	429	22	0.051
DQ657948.1	29473	INS	24	247	187	0.421
DQ657948.1	29505	INS	14	439	19	0.043
DQ657948.1	31256	DEL	-27	265	648	1.000
DQ657948.1	31261	DEL	-13	0	18	0.029
DQ657948.1	32540	INS	18	412	76	0.122
DQ657948.1	32540	INS	26	412	518	0.830
DQ657948.1	32540	INS	42	77	33	0.053
DQ657948.1	32540	DEL	-17	362	112	0.271
DQ657948.1	32540	DEL	-20	414	30	0.072
DQ657948.1	37879	INS	18	383	12	0.020
DQ657948.1	37879	INS	22	364	46	0.076
DQ657948.1	37879	INS	56	383	74	0.123
DQ657948.1	37879	INS	76	188	361	0.598
DQ657948.1	37879	INS	80	383	119	0.197
DQ657948.1	47131	INS	18	102	96	0.221
DQ657948.1	49268	DEL	-75	422	552	1.000
DQ657948.1	49313	DEL	-80	0	13	0.024
DQ657948.1	53453	INS	38	348	133	0.316
DQ657948.1	54238	INS	4977	0	812	0.866
DQ657948.1	59928	INS	10	393	44	0.117
DQ657948.1	60281	DEL	-25	378	143	0.378
DQ657948.1	69696	INS	27	91	336	0.916
DQ657948.1	76048	DEL	-66	301	81	0.223
DQ657948.1	83046	INS	39	328	84	0.239
DQ657948.1	83046	INS	41	352	20	0.057
DQ657948.1	83107	INS	12	378	30	0.086
DQ657948.1	90594	INS	25	106	46	0.138
DQ657948.1	91154	INS	84	377	16	0.048
DQ657948.1	91622	DEL	-10	330	25	0.076
DQ657948.1	95731	DEL	-11	348	443	0.925
DQ657948.1	102486	DEL	-12	350	147	0.420
DQ657948.1	120042	INS	18	366	89	0.243
DQ657948.1	127195	DEL	-12	357	461	0.951
DQ657948.1	131013	DEL	-33	238	178	0.481
DQ657948.1	133271	DEL	-12	369	193	0.523
DQ657948.1	143509	DEL	-24	220	401	0.844
DQ657948.1	143509	DEL	-48	368	10	0.021
DQ657948.1	143509	DEL	-96	132	72	0.196
DQ657948.1	143588	DEL	-12	0	68	0.143
DQ657948.1	143591	DEL	-12	367	30	0.082
DQ657948.1	155446	DEL	-66	340	455	1.000
DQ657948.1	155446	DEL	-66	344	287	0.763
DQ657948.1	165060	INS	18	337	83	0.246
DQ657948.1	177568	DEL	-52	333	291	0.645
DQ657948.1	177568	DEL	-62	267	105	0.233
DQ657948.1	177570	DEL	-82	0	35	0.078
DQ657948.1	177572	DEL	-34	333	33	0.073
DQ657948.1	177572	DEL	-40	350	43	0.129
DQ657948.1	178820	DEL	-12	296	440	0.948
DQ657948.1	186552	DEL	-11	277	101	0.318
DQ657948.1	188010	DEL	-24	327	41	0.125
DQ657948.1	188695	INS	24	322	20	0.062
DQ657948.1	192550	INS	24	333	69	0.207
DQ657948.1	203513	DEL	-22	346	34	0.098
DQ657948.1	210810	DEL	-27	400	523	1.000
DQ657948.1	216434	DEL	-27	0	38	0.068
DQ657948.1	216443	INS	99	449	389	0.992
DQ657948.1	216552	INS	78	436	16	0.041
DQ657948.1	218460	DEL	-11	382	89	0.233
DQ657948.1	228198	INS	74	60	397	1.000
DQ657948.1	229939	DEL	-17	401	401	1.000
DQ657948.1	230496	INS	15	404	359	0.889
DQ657948.1	231446	INS	12	86	388	0.937
DQ657948.1	240001	DEL	-21	157	303	0.757
DQ657948.1	240006	DEL	-19	162	102	0.255
DQ657948.1	249095	INS	10	437	516	0.836
DQ657948.1	254131	DEL	-18	430	414	0.963
DQ657948.1	254137	DEL	-20	472	18	0.042
DQ657948.1	256462	INS	39	472	412	0.967
DQ657948.1	256462	INS	41	455	31	0.073
DQ657948.1	265177	INS	12	92	592	0.890
DQ657948.1	270621	DEL	-22	105	45	0.096
DQ657948.1	270636	DEL	-24	0	40	0.061
DQ657948.1	270719	INS	34	467	57	0.122
DQ657948.1	270829	INS	19	467	182	0.390
DQ657948.1	271616	INS	12	238	178	0.389
DQ657948.1	272012	DEL	-24	379	319	0.706
DQ657948.1	272039	DEL	-15	95	35	0.077
